T A_init L S Dead Code 
50 0.000000 0 0 1024 0
50 5.000000 779 213 32 1
50 10.000000 749 244 31 1
50 15.000000 763 237 24 1
50 20.000000 787 210 27 1
50 25.000000 790 210 24 1
50 30.000000 817 186 21 1
50 35.000000 780 219 25 1
50 40.000000 778 221 25 1
50 45.000000 787 216 21 1
50 50.000000 772 223 29 1
100 0.000000 0 0 1024 0
100 5.000000 493 509 22 1
100 10.000000 507 499 18 1
100 15.000000 496 510 18 1
100 20.000000 482 517 25 1
100 25.000000 461 546 17 1
100 30.000000 508 504 12 1
100 35.000000 519 493 12 1
100 40.000000 483 522 19 1
100 45.000000 525 479 20 1
100 50.000000 532 470 22 1
150 0.000000 0 0 1024 0
150 5.000000 549 461 14 1
150 10.000000 591 407 26 1
150 15.000000 565 439 20 1
150 20.000000 557 438 29 1
150 25.000000 579 423 22 1
150 30.000000 559 437 28 1
150 35.000000 576 427 21 1
150 40.000000 576 423 25 1
150 45.000000 575 419 30 1
150 50.000000 579 426 19 1
200 0.000000 0 0 1024 0
200 5.000000 184 812 28 1
200 10.000000 187 816 21 1
200 15.000000 157 848 19 1
200 20.000000 171 837 16 1
200 25.000000 161 842 21 1
200 30.000000 189 815 20 1
200 35.000000 147 846 31 1
200 40.000000 171 828 25 1
200 45.000000 186 811 27 1
200 50.000000 176 828 20 1
250 0.000000 0 0 1024 0
250 5.000000 134 869 21 1
250 10.000000 128 869 27 1
250 15.000000 146 856 22 1
250 20.000000 121 881 22 1
250 25.000000 106 889 29 1
250 30.000000 94 906 24 1
250 35.000000 139 871 14 1
250 40.000000 113 889 22 1
250 45.000000 101 886 37 1
250 50.000000 134 868 22 1
300 0.000000 0 0 1024 0
300 5.000000 759 242 23 1
300 10.000000 752 254 18 1
300 15.000000 718 280 26 1
300 20.000000 733 273 18 1
300 25.000000 735 269 20 1
300 30.000000 690 316 18 1
300 35.000000 723 281 20 1
300 40.000000 756 244 24 1
300 45.000000 747 244 33 1
300 50.000000 719 283 22 1
350 0.000000 0 0 1024 0
350 5.000000 195 802 27 1
350 10.000000 247 763 14 1
350 15.000000 190 811 23 1
350 20.000000 205 798 21 1
350 25.000000 192 817 15 1
350 30.000000 173 831 20 1
350 35.000000 194 810 20 1
350 40.000000 236 769 19 1
350 45.000000 215 789 20 1
350 50.000000 232 774 18 1
400 0.000000 0 0 1024 0
400 5.000000 83 918 23 1
400 10.000000 54 950 20 1
400 15.000000 88 914 22 1
400 20.000000 87 915 22 1
400 25.000000 90 922 12 1
400 30.000000 88 914 22 1
400 35.000000 61 940 23 1
400 40.000000 61 938 25 1
400 45.000000 62 940 22 1
400 50.000000 91 909 24 1
450 0.000000 0 0 1024 0
450 5.000000 754 243 27 1
450 10.000000 738 266 20 1
450 15.000000 744 255 25 1
450 20.000000 776 227 21 1
450 25.000000 736 254 34 1
450 30.000000 765 244 15 1
450 35.000000 638 358 28 1
450 40.000000 692 307 25 1
450 45.000000 758 251 15 1
450 50.000000 758 244 22 1
500 0.000000 0 0 1024 0
500 5.000000 73 929 22 1
500 10.000000 85 921 18 1
500 15.000000 98 902 24 1
500 20.000000 91 903 30 1
500 25.000000 78 918 28 1
500 30.000000 82 922 20 1
500 35.000000 154 848 22 1
500 40.000000 112 890 22 1
500 45.000000 95 909 20 1
500 50.000000 103 898 23 1
550 0.000000 0 0 1024 0
550 5.000000 762 239 23 1
550 10.000000 734 268 22 1
550 15.000000 757 250 17 1
550 20.000000 760 243 21 1
550 25.000000 725 277 22 1
550 30.000000 715 280 29 1
550 35.000000 732 273 19 1
550 40.000000 713 289 22 1
550 45.000000 711 284 29 1
550 50.000000 696 302 26 1
600 0.000000 0 0 1024 0
600 5.000000 92 911 21 1
600 10.000000 46 954 24 1
600 15.000000 66 939 19 1
600 20.000000 79 923 22 1
600 25.000000 66 942 16 1
600 30.000000 57 950 17 1
600 35.000000 68 927 29 1
600 40.000000 75 919 30 1
600 45.000000 99 903 22 1
600 50.000000 65 942 17 1
650 0.000000 0 0 1024 0
650 5.000000 84 917 23 1
650 10.000000 87 915 22 1
650 15.000000 83 910 31 1
650 20.000000 84 919 21 1
650 25.000000 70 930 24 1
650 30.000000 114 885 25 1
650 35.000000 118 878 28 1
650 40.000000 108 900 16 1
650 45.000000 102 908 14 1
650 50.000000 103 900 21 1
700 0.000000 0 0 1024 0
700 5.000000 129 864 31 1
700 10.000000 149 847 28 1
700 15.000000 137 868 19 1
700 20.000000 137 856 31 1
700 25.000000 130 877 17 1
700 30.000000 122 874 28 1
700 35.000000 134 867 23 1
700 40.000000 182 816 26 1
700 45.000000 141 864 19 1
700 50.000000 128 883 13 1
750 0.000000 0 0 1024 0
750 2.500000 0 0 1024 0
750 5.000000 75 934 15 1
750 7.500000 91 914 19 1
750 10.000000 85 911 28 1
750 12.500000 87 916 21 1
750 15.000000 100 899 25 1
750 17.500000 96 910 18 1
750 20.000000 125 882 17 1
750 22.500000 101 908 15 1
750 25.000000 109 896 19 1
750 27.500000 113 878 33 1
750 30.000000 76 916 32 1
750 32.500000 105 896 23 1
750 35.000000 107 895 22 1
750 37.500000 83 921 20 1
750 40.000000 118 892 14 1
750 42.500000 147 860 17 1
750 45.000000 108 883 33 1
750 47.500000 95 907 22 1
750 50.000000 117 890 17 1
800 0.000000 0 0 1024 0
800 2.500000 0 0 1024 0
800 5.000000 0 0 1024 0
800 7.500000 27 971 26 1
800 10.000000 67 933 24 1
800 12.500000 79 922 23 1
800 15.000000 93 914 17 1
800 17.500000 62 949 13 1
800 20.000000 47 956 21 1
800 22.500000 69 934 21 1
800 25.000000 72 923 29 1
800 27.500000 55 952 17 1
800 30.000000 84 915 25 1
800 32.500000 82 920 22 1
800 35.000000 98 904 22 1
800 37.500000 74 933 17 1
800 40.000000 57 951 16 1
800 42.500000 77 923 24 1
800 45.000000 79 907 38 1
800 47.500000 74 926 24 1
800 50.000000 79 922 23 1
850 0.000000 0 0 1024 0
850 2.500000 0 0 1024 0
850 5.000000 0 0 1024 0
850 7.500000 25 795 204 1
850 10.000000 76 742 206 1
850 12.500000 232 725 67 1
850 15.000000 287 710 27 1
850 17.500000 343 657 24 1
850 20.000000 298 700 26 1
850 22.500000 309 686 29 1
850 25.000000 295 705 24 1
850 27.500000 320 673 31 1
850 30.000000 363 632 29 1
850 32.500000 377 619 28 1
850 35.000000 370 629 25 1
850 37.500000 415 599 10 1
850 40.000000 436 571 17 1
850 42.500000 308 698 18 1
850 45.000000 333 668 23 1
850 47.500000 324 680 20 1
850 50.000000 270 732 22 1
900 0.000000 0 0 1024 0
900 2.500000 0 0 1024 0
900 5.000000 0 0 1024 0
900 7.500000 0 0 1024 0
900 10.000000 802 200 22 1
900 12.500000 962 41 21 1
900 15.000000 738 272 14 1
900 17.500000 840 163 21 1
900 20.000000 780 212 32 1
900 22.500000 724 287 13 1
900 25.000000 741 253 30 1
900 27.500000 699 300 25 1
900 30.000000 699 296 29 1
900 32.500000 738 263 23 1
900 35.000000 696 310 18 1
900 37.500000 757 243 24 1
900 40.000000 714 285 25 1
900 42.500000 733 274 17 1
900 45.000000 728 281 15 1
900 47.500000 739 272 13 1
900 50.000000 712 285 27 1
950 0.000000 0 0 1024 0
950 2.500000 0 0 1024 0
950 5.000000 0 0 1024 0
950 7.500000 0 0 1024 0
950 10.000000 0 0 1024 0
950 12.500000 33 968 23 1
950 15.000000 0 0 1024 0
950 17.500000 45 959 20 1
950 20.000000 21 982 21 1
950 22.500000 36 969 19 1
950 25.000000 65 939 20 1
950 27.500000 78 923 23 1
950 30.000000 49 953 22 1
950 32.500000 72 918 34 1
950 35.000000 69 923 32 1
950 37.500000 45 947 32 1
950 40.000000 83 906 35 1
950 42.500000 48 962 14 1
950 45.000000 45 958 21 1
950 47.500000 52 951 21 1
950 50.000000 44 948 32 1
1000 0.000000 0 0 1024 0
1000 2.500000 0 0 1024 0
1000 5.000000 0 0 1024 0
1000 7.500000 0 0 1024 0
1000 10.000000 0 0 1024 0
1000 12.500000 0 0 1024 0
1000 15.000000 22 5 997 1
1000 17.500000 14 48 962 1
1000 20.000000 48 64 912 1
1000 22.500000 9 95 920 1
1000 25.000000 12 111 901 1
1000 27.500000 17 158 849 1
1000 30.000000 15 81 928 1
1000 32.500000 17 109 898 1
1000 35.000000 15 93 916 1
1000 37.500000 15 150 859 1
1000 40.000000 20 140 864 1
1000 42.500000 21 165 838 1
1000 45.000000 13 102 909 1
1000 47.500000 22 124 878 1
1000 50.000000 25 177 822 1
1050 0.000000 0 0 1024 0
1050 2.500000 0 0 1024 0
1050 5.000000 0 0 1024 0
1050 7.500000 0 0 1024 0
1050 10.000000 0 0 1024 0
1050 12.500000 0 0 1024 0
1050 15.000000 0 0 1024 0
1050 17.500000 0 0 1024 0
1050 20.000000 9 997 18 1
1050 22.500000 0 0 1024 0
1050 25.000000 8 990 26 1
1050 27.500000 0 0 1024 0
1050 30.000000 13 991 20 1
1050 32.500000 70 942 12 1
1050 35.000000 5 997 22 1
1050 37.500000 19 988 17 1
1050 40.000000 33 977 14 1
1050 42.500000 27 972 25 1
1050 45.000000 26 985 13 1
1050 47.500000 32 980 12 1
1050 50.000000 44 959 21 1
1100 0.000000 0 0 1024 0
1100 2.500000 0 0 1024 0
1100 5.000000 0 0 1024 0
1100 7.500000 0 0 1024 0
1100 10.000000 0 0 1024 0
1100 12.500000 0 0 1024 0
1100 15.000000 0 0 1024 0
1100 17.500000 0 0 1024 0
1100 20.000000 0 0 1024 0
1100 22.500000 0 0 1024 0
1100 25.000000 0 0 1024 0
1100 27.500000 0 0 1024 0
1100 30.000000 956 50 18 1
1100 32.500000 0 1 1023 1
1100 35.000000 981 27 16 1
1100 37.500000 0 0 1024 0
1100 40.000000 951 54 19 1
1100 42.500000 961 43 20 1
1100 45.000000 0 0 1024 0
1100 47.500000 931 72 21 1
1100 50.000000 853 143 28 1
1150 0.000000 0 0 1024 0
1150 2.500000 0 0 1024 0
1150 5.000000 0 0 1024 0
1150 7.500000 0 0 1024 0
1150 10.000000 0 0 1024 0
1150 12.500000 0 0 1024 0
1150 15.000000 0 0 1024 0
1150 17.500000 0 0 1024 0
1150 20.000000 0 0 1024 0
1150 22.500000 0 0 1024 0
1150 25.000000 0 0 1024 0
1150 27.500000 0 0 1024 0
1150 30.000000 0 0 1024 0
1150 32.500000 0 0 1024 0
1150 35.000000 0 0 1024 0
1150 37.500000 0 0 1024 0
1150 40.000000 0 0 1024 0
1150 42.500000 0 0 1024 0
1150 45.000000 0 0 1024 0
1150 47.500000 47 584 393 1
1150 50.000000 0 0 1024 0
1200 0.000000 0 0 1024 0
1200 2.500000 0 0 1024 0
1200 5.000000 0 0 1024 0
1200 7.500000 0 0 1024 0
1200 10.000000 0 0 1024 0
1200 12.500000 0 0 1024 0
1200 15.000000 0 0 1024 0
1200 17.500000 0 0 1024 0
1200 20.000000 0 0 1024 0
1200 22.500000 0 0 1024 0
1200 25.000000 0 0 1024 0
1200 27.500000 0 0 1024 0
1200 30.000000 0 0 1024 0
1200 32.500000 0 0 1024 0
1200 35.000000 0 0 1024 0
1200 37.500000 0 0 1024 0
1200 40.000000 0 0 1024 0
1200 42.500000 0 0 1024 0
1200 45.000000 0 0 1024 0
1200 47.500000 0 0 1024 0
1200 50.000000 0 0 1024 0
1250 0.000000 0 0 1024 0
1250 5.000000 0 0 1024 0
1250 10.000000 0 0 1024 0
1250 15.000000 0 0 1024 0
1250 20.000000 0 0 1024 0
1250 25.000000 0 0 1024 0
1250 30.000000 0 0 1024 0
1250 35.000000 0 0 1024 0
1250 40.000000 0 0 1024 0
1250 45.000000 0 0 1024 0
1250 50.000000 0 0 1024 0
1300 0.000000 0 0 1024 0
1300 5.000000 0 0 1024 0
1300 10.000000 0 0 1024 0
1300 15.000000 0 0 1024 0
1300 20.000000 0 0 1024 0
1300 25.000000 0 0 1024 0
1300 30.000000 0 0 1024 0
1300 35.000000 0 0 1024 0
1300 40.000000 0 0 1024 0
1300 45.000000 0 0 1024 0
1300 50.000000 0 0 1024 0
1350 0.000000 0 0 1024 0
1350 5.000000 0 0 1024 0
1350 10.000000 0 0 1024 0
1350 15.000000 0 0 1024 0
1350 20.000000 0 0 1024 0
1350 25.000000 0 0 1024 0
1350 30.000000 0 0 1024 0
1350 35.000000 0 0 1024 0
1350 40.000000 0 0 1024 0
1350 45.000000 0 0 1024 0
1350 50.000000 0 0 1024 0
1400 0.000000 0 0 1024 0
1400 5.000000 0 0 1024 0
1400 10.000000 0 0 1024 0
1400 15.000000 0 0 1024 0
1400 20.000000 0 0 1024 0
1400 25.000000 0 0 1024 0
1400 30.000000 0 0 1024 0
1400 35.000000 0 0 1024 0
1400 40.000000 0 0 1024 0
1400 45.000000 0 0 1024 0
1400 50.000000 0 0 1024 0
1450 0.000000 0 0 1024 0
1450 5.000000 0 0 1024 0
1450 10.000000 0 0 1024 0
1450 15.000000 0 0 1024 0
1450 20.000000 0 0 1024 0
1450 25.000000 0 0 1024 0
1450 30.000000 0 0 1024 0
1450 35.000000 0 0 1024 0
1450 40.000000 0 0 1024 0
1450 45.000000 0 0 1024 0
1450 50.000000 0 0 1024 0
1500 0.000000 0 0 1024 0
1500 5.000000 0 0 1024 0
1500 10.000000 0 0 1024 0
1500 15.000000 0 0 1024 0
1500 20.000000 0 0 1024 0
1500 25.000000 0 0 1024 0
1500 30.000000 0 0 1024 0
1500 35.000000 0 0 1024 0
1500 40.000000 0 0 1024 0
1500 45.000000 0 0 1024 0
1500 50.000000 0 0 1024 0
720 0.000000 0 0 1024 0
720 2.000000 5 179 840 1
720 4.000000 211 294 519 1
720 6.000000 180 558 286 1
720 8.000000 293 687 44 1
720 10.000000 193 736 95 1
740 0.000000 0 0 1024 0
740 2.000000 0 0 1024 0
740 4.000000 41 965 18 1
740 6.000000 71 929 24 1
740 8.000000 62 939 23 1
740 10.000000 94 911 19 1
760 0.000000 0 0 1024 0
760 2.000000 0 0 1024 0
760 4.000000 876 130 18 1
760 6.000000 631 373 20 1
760 8.000000 533 465 26 1
760 10.000000 495 506 23 1
780 0.000000 0 0 1024 0
780 2.000000 0 0 1024 0
780 4.000000 31 402 591 1
780 6.000000 27 799 198 1
780 8.000000 369 632 23 1
780 10.000000 265 734 25 1
800 0.000000 0 0 1024 0
800 2.000000 0 0 1024 0
800 4.000000 0 0 1024 0
800 6.000000 38 966 20 1
800 8.000000 29 975 20 1
800 10.000000 53 952 19 1
820 0.000000 0 0 1024 0
820 2.000000 0 0 1024 0
820 4.000000 0 0 1024 0
820 6.000000 849 155 20 1
820 8.000000 439 560 25 1
820 10.000000 261 729 34 1
840 0.000000 0 0 1024 0
840 2.000000 0 0 1024 0
840 4.000000 0 0 1024 0
840 6.000000 0 0 1024 0
840 8.000000 3 131 890 1
840 10.000000 287 613 124 1
860 0.000000 0 0 1024 0
860 2.000000 0 0 1024 0
860 4.000000 0 0 1024 0
860 6.000000 0 0 1024 0
860 8.000000 0 0 1024 0
860 10.000000 77 922 25 1
880 0.000000 0 0 1024 0
880 2.000000 0 0 1024 0
880 4.000000 0 0 1024 0
880 6.000000 0 0 1024 0
880 8.000000 0 0 1024 0
880 10.000000 0 0 1024 0
900 0.000000 0 0 1024 0
900 2.000000 0 0 1024 0
900 4.000000 0 0 1024 0
900 6.000000 0 0 1024 0
900 8.000000 0 0 1024 0
900 10.000000 0 0 1024 0
900 10.000000 0 0 1024 0
900 12.000000 962 40 22 1
900 14.000000 840 170 14 1
900 16.000000 711 291 22 1
900 18.000000 789 225 10 1
900 20.000000 747 257 20 1
920 10.000000 0 0 1024 0
920 12.000000 195 201 628 1
920 14.000000 269 319 436 1
920 16.000000 212 187 625 1
920 18.000000 232 485 307 1
920 20.000000 162 340 522 1
940 10.000000 0 0 1024 0
940 12.000000 0 0 1024 0
940 14.000000 0 0 1024 0
940 16.000000 62 941 21 1
940 18.000000 32 967 25 1
940 20.000000 44 958 22 1
960 10.000000 0 0 1024 0
960 12.000000 0 0 1024 0
960 14.000000 23 973 28 1
960 16.000000 29 973 22 1
960 18.000000 48 948 28 1
960 20.000000 63 934 27 1
980 10.000000 0 0 1024 0
980 12.000000 0 0 1024 0
980 14.000000 0 0 1024 0
980 16.000000 194 804 26 1
980 18.000000 415 579 30 1
980 20.000000 0 0 1024 0
1000 10.000000 0 0 1024 0
1000 12.000000 0 0 1024 0
1000 14.000000 0 0 1024 0
1000 16.000000 17 67 940 1
1000 18.000000 0 0 1024 0
1000 20.000000 5 7 1012 1
1020 10.000000 0 0 1024 0
1020 12.000000 0 0 1024 0
1020 14.000000 0 0 1024 0
1020 16.000000 5 168 851 1
1020 18.000000 0 0 1024 0
1020 20.000000 184 195 645 1
1000 20.000000 0 0 1024 0
1000 22.000000 11 78 935 1
1000 24.000000 25 96 903 1
1000 26.000000 14 76 934 1
1000 28.000000 13 110 901 1
1000 30.000000 6 67 951 1
1000 32.000000 19 111 894 1
1000 34.000000 16 92 916 1
1000 36.000000 37 215 772 1
1000 38.000000 16 110 898 1
1000 40.000000 13 129 882 1
1000 42.000000 17 142 865 1
1000 44.000000 18 155 851 1
1000 46.000000 16 108 900 1
1000 48.000000 24 135 865 1
1000 50.000000 12 103 909 1
1020 20.000000 0 0 1024 0
1020 22.000000 290 361 373 1
1020 24.000000 193 354 477 1
1020 26.000000 323 330 371 1
1020 28.000000 78 138 808 1
1020 30.000000 308 239 477 1
1020 32.000000 392 428 204 1
1020 34.000000 382 618 24 1
1020 36.000000 556 412 56 1
1020 38.000000 517 494 13 1
1020 40.000000 325 675 24 1
1020 42.000000 362 642 20 1
1020 44.000000 215 795 14 1
1020 46.000000 324 678 22 1
1020 48.000000 526 478 20 1
1020 50.000000 287 713 24 1
1040 20.000000 0 0 1024 0
1040 22.000000 0 0 1024 0
1040 24.000000 0 0 1024 0
1040 26.000000 0 0 1024 0
1040 28.000000 0 0 1024 0
1040 30.000000 98 910 16 1
1040 32.000000 39 962 23 1
1040 34.000000 73 939 12 1
1040 36.000000 33 970 21 1
1040 38.000000 45 952 27 1
1040 40.000000 112 896 16 1
1040 42.000000 94 909 21 1
1040 44.000000 42 960 22 1
1040 46.000000 65 937 22 1
1040 48.000000 80 923 21 1
1040 50.000000 38 974 12 1
1060 20.000000 27 962 35 1
1060 22.000000 15 987 22 1
1060 24.000000 0 0 1024 0
1060 26.000000 12 989 23 1
1060 28.000000 21 971 32 1
1060 30.000000 0 0 1024 0
1060 32.000000 16 984 24 1
1060 34.000000 45 957 22 1
1060 36.000000 28 973 23 1
1060 38.000000 35 965 24 1
1060 40.000000 41 957 26 1
1060 42.000000 45 960 19 1
1060 44.000000 42 956 26 1
1060 46.000000 44 965 15 1
1060 48.000000 52 949 23 1
1060 50.000000 24 982 18 1
1080 20.000000 0 0 1024 0
1080 22.000000 0 0 1024 0
1080 24.000000 0 0 1024 0
1080 26.000000 85 927 12 1
1080 28.000000 0 0 1024 0
1080 30.000000 0 0 1024 0
1080 32.000000 0 0 1024 0
1080 34.000000 140 858 26 1
1080 36.000000 0 0 1024 0
1080 38.000000 90 912 22 1
1080 40.000000 60 943 21 1
1080 42.000000 0 0 1024 0
1080 44.000000 54 951 19 1
1080 46.000000 93 912 19 1
1080 48.000000 60 942 22 1
1080 50.000000 72 929 23 1
1100 20.000000 0 0 1024 0
1100 22.000000 0 0 1024 0
1100 24.000000 951 49 24 1
1100 26.000000 0 0 1024 0
1100 28.000000 0 0 1024 0
1100 30.000000 0 0 1024 0
1100 32.000000 979 22 23 1
1100 34.000000 947 55 22 1
1100 36.000000 938 56 30 1
1100 38.000000 967 36 21 1
1100 40.000000 0 0 1024 0
1100 42.000000 0 0 1024 0
1100 44.000000 979 17 28 1
1100 46.000000 972 31 21 1
1100 48.000000 0 6 1018 1
1100 50.000000 949 51 24 1
1120 20.000000 0 0 1024 0
1120 22.000000 0 0 1024 0
1120 24.000000 6 34 984 1
1120 26.000000 0 0 1024 0
1120 28.000000 0 0 1024 0
1120 30.000000 0 0 1024 0
1120 32.000000 0 0 1024 0
1120 34.000000 37 106 881 1
1120 36.000000 12 49 963 1
1120 38.000000 13 53 958 1
1120 40.000000 45 34 945 1
1120 42.000000 0 0 1024 0
1120 44.000000 11 8 1005 1
1120 46.000000 0 0 1024 0
1120 48.000000 0 3 1021 1
1120 50.000000 62 213 749 1
1140 20.000000 0 0 1024 0
1140 22.000000 0 0 1024 0
1140 24.000000 0 0 1024 0
1140 26.000000 0 0 1024 0
1140 28.000000 11 121 892 1
1140 30.000000 0 0 1024 0
1140 32.000000 0 0 1024 0
1140 34.000000 0 0 1024 0
1140 36.000000 0 0 1024 0
1140 38.000000 0 0 1024 0
1140 40.000000 0 0 1024 0
1140 42.000000 0 0 1024 0
1140 44.000000 0 0 1024 0
1140 46.000000 0 0 1024 0
1140 48.000000 0 0 1024 0
1140 50.000000 246 240 538 1
1160 20.000000 0 0 1024 0
1160 22.000000 0 0 1024 0
1160 24.000000 0 0 1024 0
1160 26.000000 0 0 1024 0
1160 28.000000 0 0 1024 0
1160 30.000000 0 0 1024 0
1160 32.000000 0 0 1024 0
1160 34.000000 0 0 1024 0
1160 36.000000 0 0 1024 0
1160 38.000000 60 859 105 1
1160 40.000000 0 0 1024 0
1160 42.000000 0 0 1024 0
1160 44.000000 0 0 1024 0
1160 46.000000 0 0 1024 0
1160 48.000000 47 926 51 1
1160 50.000000 0 0 1024 0
1180 20.000000 0 0 1024 0
1180 22.000000 0 0 1024 0
1180 24.000000 0 0 1024 0
1180 26.000000 0 0 1024 0
1180 28.000000 0 0 1024 0
1180 30.000000 0 0 1024 0
1180 32.000000 0 0 1024 0
1180 34.000000 0 0 1024 0
1180 36.000000 0 0 1024 0
1180 38.000000 0 0 1024 0
1180 40.000000 0 0 1024 0
1180 42.000000 0 0 1024 0
1180 44.000000 0 0 1024 0
1180 46.000000 0 0 1024 0
1180 48.000000 0 0 1024 0
1180 50.000000 12 995 17 1
1200 20.000000 0 0 1024 0
1200 22.000000 0 0 1024 0
1200 24.000000 0 0 1024 0
1200 26.000000 0 0 1024 0
1200 28.000000 0 0 1024 0
1200 30.000000 0 0 1024 0
1200 32.000000 0 0 1024 0
1200 34.000000 0 0 1024 0
1200 36.000000 0 0 1024 0
1200 38.000000 0 0 1024 0
1200 40.000000 0 0 1024 0
1200 42.000000 0 0 1024 0
1200 44.000000 0 0 1024 0
1200 46.000000 0 0 1024 0
1200 48.000000 0 0 1024 0
1200 50.000000 17 985 22 1
3 0.000000 0 0 1024 0
3 5.000000 1002 1 21 1
3 10.000000 1001 2 21 1
3 15.000000 993 1 30 1
3 20.000000 996 3 25 1
3 25.000000 1004 4 16 1
3 30.000000 988 3 33 1
3 35.000000 995 1 28 1
3 40.000000 999 4 21 1
3 45.000000 1009 3 12 1
3 50.000000 999 2 23 1
6 0.000000 0 0 1024 0
6 5.000000 995 2 27 1
6 10.000000 997 3 24 1
6 15.000000 1009 1 14 1
6 20.000000 1002 0 22 2
6 25.000000 1004 2 18 1
6 30.000000 1000 2 22 1
6 35.000000 1009 3 12 1
6 40.000000 997 5 22 1
6 45.000000 999 1 24 1
6 50.000000 999 1 24 1
9 0.000000 0 0 1024 0
9 5.000000 1004 2 18 1
9 10.000000 996 2 26 1
9 15.000000 996 4 24 1
9 20.000000 996 1 27 1
9 25.000000 993 1 30 1
9 30.000000 1000 7 17 1
9 35.000000 1000 4 20 1
9 40.000000 999 6 19 1
9 45.000000 995 2 27 1
9 50.000000 1001 3 20 1
