825 10.000000 749 252 23 1
825 10.000000 981 22 21 1
850 10.000000 0 0 1024 0
875 10.000000 0 0 1024 0
900 15.000000 778 230 16 1
900 15.000000 826 181 17 1
950 20.000000 76 930 18 1
950 20.000000 41 954 29 1
950 22.500000 29 974 21 1
975 25.000000 76 927 21 1
975 27.500000 85 929 10 1
1000 32.500000 10 80 934 1
1025 32.500000 0 0 1024 0
1025 35.000000 48 328 648 1
1075 45.000000 121 889 14 1
1075 47.500000 36 956 32 1
1100 45.000000 932 70 22 1
1100 50.000000 0 0 1024 0
1100 50.000000 0 0 1024 0
1100 50.000000 0 0 1024 0
1100 50.000000 0 0 1024 0
1100 50.000000 879 127 18 1
1100 47.500000 0 0 1024 0
1100 45.000000 0 0 1024 0
